root_mean_square:0.0852567586789
R_squared:-0.515047261514
Modified_Hubert:0.224804101932
calinski:40.8437925602
silhouette:0.186220236331