root_mean_square:0.0905400748412
R_squared:-0.603505948687
Modified_Hubert:0.271388221466
calinski:58.0097698044
silhouette:0.230164732439