root_mean_square:0.0885104895078
R_squared:-0.767033704165
Modified_Hubert:0.205684213515
calinski:50.2218146607
silhouette:0.191845211883