root_mean_square:0.085232214296
R_squared:-0.514175059759
Modified_Hubert:0.222165193508
calinski:39.3456759216
silhouette:0.188652042605