root_mean_square:0.0837501682162
R_squared:-0.583246609957
Modified_Hubert:0.183191672929
calinski:35.8119409659
silhouette:0.184849545952