root_mean_square:0.0852772380377
R_squared:-0.515775201997
Modified_Hubert:0.223956876894
calinski:40.7395997694
silhouette:0.189387300306