root_mean_square:0.0853245032321
R_squared:-0.51745591459
Modified_Hubert:0.22325678061
calinski:37.7659454788
silhouette:0.181657143868