root_mean_square:0.0850894958096
R_squared:-0.509108434476
Modified_Hubert:0.226609457146
calinski:39.5480559827
silhouette:0.176399119807