root_mean_square:0.0851739700442
R_squared:-0.512106314722
Modified_Hubert:0.224403525104
calinski:42.6557208965
silhouette:0.192767186866