root_mean_square:0.0853294665769
R_squared:-0.517632461201
Modified_Hubert:0.221837308235
calinski:41.1642493168
silhouette:0.197939578291