root_mean_square:0.0839277735733
R_squared:-0.58996877524
Modified_Hubert:0.181113076473
calinski:42.4933375484
silhouette:0.195930559296