root_mean_square:0.0840054793694
R_squared:-0.592914331387
Modified_Hubert:0.177315692028
calinski:40.3890674811
silhouette:0.195979496187