root_mean_square:0.0851730305262
R_squared:-0.512072956097
Modified_Hubert:0.225505552772
calinski:41.9874559895
silhouette:0.183837863826