root_mean_square:0.0885027100824
R_squared:-0.766723099108
Modified_Hubert:0.204892298659
calinski:49.6853789168
silhouette:0.20323692012