root_mean_square:0.0902146498027
R_squared:-0.591999812768
Modified_Hubert:0.273758897302
calinski:53.5169688606
silhouette:0.209712850778