root_mean_square:0.0903635212645
R_squared:-0.597258357587
Modified_Hubert:0.275326043758
calinski:57.2936402531
silhouette:0.212344812421