root_mean_square:0.0888290888193
R_squared:-0.779777706793
Modified_Hubert:0.200343008339
calinski:49.6938136823
silhouette:0.220209908706